15 -4 2000          	-3.207236e-03	1.271524e-02	-2.859901e-01	-1.462023e-01	-1.397878e-01
15 -2 2000          	-7.261954e-04	6.692730e-03	-1.295737e-01	-6.551302e-02	-6.406063e-02
15 0 2000          	-1.056000e-03	4.927110e-03	1.503430e-02	6.461147e-03	8.573148e-03
15 2 2000          	7.345000e-04	7.442360e-03	1.620274e-01	8.174818e-02	8.027918e-02
15 4 2000          	2.158651e-03	1.367892e-02	3.085893e-01	1.564533e-01	1.521360e-01
15 6 2000          	3.888255e-03	2.233436e-02	4.558147e-01	2.317956e-01	2.240191e-01
15 8 2000          	6.926344e-03	3.586862e-02	6.044966e-01	3.091746e-01	2.953219e-01
15 10 2000          	6.916061e-03	5.267121e-02	7.398232e-01	3.768276e-01	3.629955e-01
15 11 2000          	8.169949e-03	6.274503e-02	8.115534e-01	4.139467e-01	3.976068e-01
15 12 2000          	8.199974e-03	7.331226e-02	8.825794e-01	4.494897e-01	4.330897e-01
15 13 2000          	8.320309e-03	8.492687e-02	9.462289e-01	4.814347e-01	4.647941e-01
15 14 2000          	9.744785e-03	9.786195e-02	1.017960e+00	5.187250e-01	4.992354e-01
15 15 2000          	1.146685e-02	1.116418e-01	1.095278e+00	5.591060e-01	5.361723e-01
15 16 2000          	1.324032e-02	1.261379e-01	1.168506e+00	5.974933e-01	5.710127e-01
20 -4 2000          	-3.223408e-03	1.205589e-02	-2.852658e-01	-1.458563e-01	-1.394095e-01
20 -2 2000          	-1.724753e-03	6.089707e-03	-1.299505e-01	-6.669999e-02	-6.325048e-02
20 0 2000          	-4.250021e-04	4.375282e-03	1.904436e-02	9.097180e-03	9.947184e-03
20 2 2000          	1.231378e-03	6.352844e-03	1.665898e-01	8.452629e-02	8.206353e-02
20 4 2000          	2.172209e-03	1.266000e-02	3.070147e-01	1.556796e-01	1.513351e-01
20 6 2000          	4.375188e-03	2.148500e-02	4.580078e-01	2.333791e-01	2.246287e-01
20 8 2000          	5.929092e-03	3.496508e-02	6.003375e-01	3.060978e-01	2.942397e-01
20 10 2000          	7.257341e-03	5.193902e-02	7.437223e-01	3.791185e-01	3.646038e-01
20 11 2000          	8.730466e-03	6.194309e-02	8.135298e-01	4.154953e-01	3.980344e-01
20 12 2000          	7.023793e-03	7.205320e-02	8.769005e-01	4.454740e-01	4.314265e-01
20 13 2000          	8.090553e-03	8.369344e-02	9.487146e-01	4.824479e-01	4.662668e-01
20 14 2000          	1.052070e-02	9.725615e-02	1.024008e+00	5.225247e-01	5.014833e-01
20 15 2000          	1.071240e-02	1.100196e-01	1.091961e+00	5.566929e-01	5.352680e-01
20 16 2000          	1.416257e-02	1.265285e-01	1.171013e+00	5.996689e-01	5.713437e-01
25 -4 2000          	-1.947702e-03	1.145797e-02	-2.812549e-01	-1.425752e-01	-1.386798e-01
25 -2 2000          	-9.884742e-04	5.142383e-03	-1.298750e-01	-6.592598e-02	-6.394903e-02
25 0 2000          	3.084834e-04	3.941710e-03	1.796703e-02	9.291996e-03	8.675030e-03
25 2 2000          	1.437557e-03	5.905067e-03	1.643099e-01	8.359253e-02	8.071741e-02
25 4 2000          	3.795098e-03	1.193411e-02	3.141440e-01	1.608671e-01	1.532769e-01
25 6 2000          	4.608691e-03	2.088434e-02	4.611621e-01	2.351897e-01	2.259723e-01
25 8 2000          	6.966168e-03	3.450104e-02	6.050790e-01	3.095057e-01	2.955733e-01
25 10 2000          	7.804556e-03	5.102928e-02	7.453983e-01	3.805037e-01	3.648946e-01
25 11 2000          	7.401785e-03	6.077182e-02	8.137297e-01	4.142666e-01	3.994630e-01
25 12 2000          	9.615366e-03	7.215671e-02	8.878607e-01	4.535457e-01	4.343150e-01
25 13 2000          	9.197462e-03	8.319728e-02	9.542355e-01	4.863152e-01	4.679203e-01
25 14 2000          	1.046826e-02	9.623512e-02	1.023226e+00	5.220811e-01	5.011446e-01
25 15 2000          	1.139892e-02	1.096310e-01	1.097039e+00	5.599185e-01	5.371207e-01
25 16 2000          	1.331669e-02	1.243396e-01	1.168350e+00	5.974918e-01	5.708585e-01
30 -4 2000          	-1.458896e-03	1.106173e-02	-2.786715e-01	-1.407947e-01	-1.378769e-01
30 -2 2000          	-1.524409e-03	5.287058e-03	-1.270208e-01	-6.503479e-02	-6.198597e-02
30 0 2000          	8.428768e-04	3.274016e-03	2.497861e-02	1.333218e-02	1.164643e-02
30 2 2000          	1.599328e-03	5.284728e-03	1.681511e-01	8.567486e-02	8.247621e-02
30 4 2000          	3.049963e-03	1.109024e-02	3.128217e-01	1.594608e-01	1.533609e-01
30 6 2000          	5.800221e-03	2.054229e-02	4.625120e-01	2.370562e-01	2.254558e-01
30 8 2000          	5.660172e-03	3.353808e-02	6.030107e-01	3.071655e-01	2.958452e-01
30 10 2000          	6.884644e-03	5.019406e-02	7.419724e-01	3.778708e-01	3.641015e-01
30 11 2000          	8.022661e-03	6.032389e-02	8.134893e-01	4.147673e-01	3.987220e-01
30 12 2000          	7.886236e-03	7.119015e-02	8.785993e-01	4.471859e-01	4.314134e-01
30 13 2000          	8.389375e-03	8.280516e-02	9.546108e-01	4.856948e-01	4.689160e-01
30 14 2000          	9.505673e-03	9.492660e-02	1.020635e+00	5.198234e-01	5.008120e-01
30 15 2000          	9.290513e-03	1.080629e-01	1.089006e+00	5.537935e-01	5.352125e-01
30 16 2000          	1.131732e-02	1.231096e-01	1.163883e+00	5.932587e-01	5.706241e-01
35 -4 2000          	-1.686674e-03	1.060524e-02	-2.802666e-01	-1.418200e-01	-1.384466e-01
35 -2 2000          	-6.672929e-04	4.553645e-03	-1.254259e-01	-6.338022e-02	-6.204564e-02
35 0 2000          	1.000585e-03	2.380079e-03	2.633076e-02	1.416597e-02	1.216480e-02
35 2 2000          	3.868678e-03	5.102935e-03	1.802756e-01	9.400648e-02	8.626913e-02
35 4 2000          	4.396171e-03	1.099966e-02	3.170924e-01	1.629424e-01	1.541500e-01
35 6 2000          	5.730001e-03	1.962849e-02	4.621350e-01	2.367975e-01	2.253375e-01
35 8 2000          	5.865055e-03	3.292780e-02	6.008826e-01	3.063064e-01	2.945763e-01
35 10 2000          	7.568552e-03	4.999505e-02	7.462771e-01	3.807071e-01	3.655700e-01
35 11 2000          	7.462825e-03	5.995430e-02	8.110047e-01	4.129652e-01	3.980395e-01
35 12 2000          	7.793693e-03	7.061806e-02	8.812145e-01	4.484010e-01	4.328136e-01
35 13 2000          	7.514702e-03	8.141392e-02	9.464343e-01	4.807319e-01	4.657025e-01
35 14 2000          	8.727103e-03	9.411651e-02	1.019003e+00	5.182285e-01	5.007743e-01
35 15 2000          	9.670205e-03	1.073132e-01	1.088206e+00	5.537733e-01	5.344329e-01
35 16 2000          	1.291249e-02	1.233471e-01	1.168678e+00	5.972516e-01	5.714267e-01
